Patents
MathWorks products are covered by one or more patents.

MATLAB®, MATLAB® Compiler, and other MATLAB family products
U.S. Patents:
6,857,118; 6,993,772; 7,096,154; 7,165,253; 7,231,631; 7,237,237; 7,296,054; 7,353,502; 7,369,127; 7,428,737; 7,460,123; 7,500,220; 7,502,745; 7,523,023; 7,523,440; 7,529,652; 7,558,712; 7,624,372; 7,640,154; 7,647,213; 7,660,773; 7,664,720; 7,680,637; 7,685,596; 7,690,004; 7,725,679; 7,730,166; 7,739,676; 7,752,138; 7,752,601; 7,752,636; 7,765,561; 7,769,576; 7,802,268; 7,805,466; 7,809,988; 7,823,168; 7,840,938; 7,849,359; 7,849,470; 7,865,254; 7,873,502; 7,886,307; 7,890,198; 7,904,410; 7,908,591; 7,921,406; 7,925,791; 7,933,908; 7,958,490; 7,975,001; 7,984,416; 7,987,227; 8,010,954; 8,032,582; 8,046,201; 8,046,736; 8,046,749; 8,046,777; 8,055,598; 8,055,940; 8,056,053; 8,056,079; 8,060,346;  8,069,178; 8,108,717; 8,108,845; 8,112,741; 8,127,311; 8,130,239; 8,156,493; 8,161,402; 8,165,413; 8,171,027; 8,185,556; 8,185,868; 8,190,400; 8,200,559; 8,200,560; 8,209,419; 8,219,378; 8,219,476; 8,225,300; 8,230,424; 8,230,427; 8,234,098; 8,234,623; 8,239,844; 8,239,845; 8,239,846; 8,250,550; 8,255,889; 8,255,890; 8,260,602; 8,260,791; 8,265,916; 8,280,661; 8,300,060; 8,307,328; 8,312,423; 8,314,813; 8,321,847; 8,321,848; 8,326,750; 8,327,029; 8,346,526; 8,346,793; 8,365,088; 8,365,144; 8,380,880; 8,392,467; 8,397,224; 8,402,317; 8,418,158; 8,423,326; 8,446,425; 8,458,668; 8,464,226; 8,467,888; 8,484,262; 8,489,382; 8,495,114; 8,510,366; 8,514,247; 8,527,942; 8,527,973; 8,533,402; 8,533,697; 8,538,185; 8,543,939; 8,549,096; 8,549,500; 8,561,077; 8,566,375; 8,594,217; 8,595,439; 8,606,375; 8,612,980; 8,621,425; 8,631,392; 8,671,394; 8,682,453; 8,688,765; 8,694,301; 8,694,972; 8,700,686; 8,707,280; 8,707,281; 8,712,753; 8,726,278; 8,732,685; 8,738,578; 8,738,684; 8,745,254; 8,751,480; 8,762,784; 8,762,943; 8,762,953; 8,762,956; 8,762,974; 8,769,486; 8,769,503; 8,769,510; 8,776,015; 8,776,039; 8,782,618; 8,788,316; 8,789,017; 8,799,871; 8,806,428; 8,806,430; 8,819,119; 8,819,420; 8,819,643; 8,826,229; 8,832,177; 8,838,974; 8,839,193; 8,843,906; 8,849,863; 8,856,796; 8,863,130; 8,863,146; 8,875,161; 8,881,178; 8,890,879; 8,904,299; 8,918,511; 8,924,929; 8,930,387; 8,930,881; 8,933,963; 8,935,682; 8,943,474; 8,949,807; 8,966,456; 8,990,825; 9,015,660; 9,015,661; 9,015,681; 9,015,684; 9,026,233; 9,026,478; 9,031,349; 9,047,314; 9,053,235; 9,058,424; 9,064,053; 9,069,517; 9,076,223; 9,081,761; 9,098,288; 9,110,676; 9,117,029; 9,122,387; 9,122,488; 9,129,136; 9,135,027; 9,135,065; 9,142,184; 9,146,750; 9,152,657; 9,158,291; 9,170,783; 9,183,120; 9,183,347; 9,201,763; 9,201,897; 9,208,208; 9,223,595; 9,244,652; 9,244,661; 9,244,667; 9,244,729; 9,251,548; 9,274,761; 9,280,146; 9,280,354; 9,280,382; 9,292,419; 9,304,743; 9,311,111; 9,319,666; 9,329,897; 9,335,979; 9,348,584; 9,348,798; 9,395,963; 9,405,564; 9,423,822; 9,424,076; 9,449,044; 9,454,513; 9,489,283; 9,501,749; 9,507,374; 9,514,413; 9,519,497; 9,519,671; 9,529,981; 9,542,164; 9,563,406; 9,582,288; 9,582,330; 9,582,469; 9,588,744; 9,600,411; 9,612,940; 9,613,017; 9,645,915; 9,652,722; 9,665,348; 9,665,471; 9,674,294; 9,703,515; 9,703,532; 9,703,934; 9,703,935; 9,710,242; 9,727,446; 9,740,458; 9,740,505; 9,761,026; 9,811,640; 9,871,697; 9,880,925; 9,886,008; 9,886,268; 9,933,929; 9,996,597; 10,001,977; 10,013,536; 10,095,513; 10,222,944; 10,223,076; 10,346,138;10,445,341; 10,649,744; 10,671,624; 10,684,737; 10,684,781; 10,691,420; 10,872,027; 10,902,012; 10,949,173; 10,949,181; 10,956,212; 11,055,092; D613299; D788786
International Patents:
China ZL200680028333.9; China ZL201010503801.1; China ZL201080035134.7; China ZL201180056419.3; China ZL201180056737.X; Finland 2789103; France 1854004; France 1889155; France 2005298; France 2049994; France 2102722; France 2102746; France 2147374; France 2210206; France 2212789; France 2438487; France 2622420; France 2622421; France 2661683; France 2671161; France 2769302; France 2789103; France 2909680; Germany 1854004; Germany 1889155; Germany 2005298; Germany 2049994; Germany 2102722; Germany 2102746; Germany 2147374; Germany 2210206; Germany 2212789; Germany 2438487;  Germany 2622420; Germany 2622421; Germany 2661683; Germany 2671161; Germany 2769302; Germany 2789103; Germany 2909680; India 3109/CHENP/2013; India 328805; India 339744; Japan 5412108; Japan 5648049; Korea 10-1849415; Korea 10-1906616; Korea 10-1917399; Singapore 126195; United Kingdom 1854004; United Kingdom 1889155; United Kingdom 2005298; United Kingdom 2049994; United Kingdom 2102722; United Kingdom 2102746; United Kingdom 2147374; United Kingdom 2210206; United Kingdom 2212789; United Kingdom 2438487; United Kingdom 2622420; United Kingdom 2622421; United Kingdom 2661683; United Kingdom 2671161; United Kingdom 2769302; United Kingdom 2789103; United Kingdom 2909680
Polyspace family products
U.S. Patents:
8,336,030; 8,745,586; 8,881,116; 8,997,065; 9,081,595; 9,535,821
Simulink® and other Simulink family products
U.S. Patents:
6,868,526; 7,010,744; 7,020,850; 7,089,223; 7,139,687; 7,167,817; 7,178,112; 7,237,237; 7,246,056; 7,292,964; 7,296,054; 7,313,449; 7,324,931; 7,337,102; 7,337,430; 7,350,172; 7,350,189; 7,367,012; 7,369,977; 7,398,192; 7,412,366; 7,412,367; 7,424,684; 7,433,808; 7,433,812; 7,472,103; 7,487,071; 7,487,077; 7,487,080; 7,490,032; 7,493,619; 7,496,895; 7,500,209; 7,500,220; 7,503,027; 7,509,244; 7,512,613; 7,519,516; 7,523,023; 7,523,440; 7,529,652; 7,539,604; 7,543,270; 7,558,710; 7,558,712; 7,574,336; 7,580,962; 7,584,465; 7,624,000; 7,640,154; 7,643,973; 7,647,213; 7,665,025; 7,680,632; 7,680,636; 7,680,637; 7,689,389; 7,689,969; 7,689,970; 7,720,656; 7,720,657; 7,729,894; 7,734,455; 7,739,081; 7,739,655; 7,742,903; 7,743,361; 7,752,559; 7,761,273; 7,765,529; 7,769,570; 7,774,172; 7,783,460; 7,797,673; 7,797,674; 7,801,715; 7,805,398; 7,809,545; 7,818,730; 7,823,121; 7,823,122; 7,834,876; 7,835,889; 7,835,895; 7,840,913; 7,844,943; 7,849,394; 7,853,922; 7,861,217; 7,865,254; 7,865,350; 7,873,500; 7,877,248; 7,882,462; 7,885,792; 7,885,800; 7,890,198; 7,890,310; 7,900,168; 7,900,188; 7,900,191; 7,904,280; 7,904,876; 7,913,222; 7,913,232; 7,925,477; 7,930,153; 7,933,755; 7,941,299; 7,945,431; 7,945,886; 7,949,502; 7,962,317; 7,966,161; 7,966,610; 7,969,452; 7,970,594; 7,974,820; 7,974,823; 7,974,825; 7,996,194; 8,005,812; 8,010,335; 8,015,543; 8,015,544; 8,019,575; 8,019,579; 8,024,164; 8,024,167; 8,036,871; 8,041,551; 8,046,202; 8,046,386; 8,046,708; 8,046,751; 8,055,484; 8,065,117; 8,090,565; 8,104,017; 8,122,354; 8,126,691; 8,127,311; 8,131,523; 8,135,565; 8,135,570; 8,140,302; 8,141,011; 8,141,060; 8,150,673; 8,160,844; 8,166,456; 8,180,608; 8,181,150; 8,190,400; 8,196,056; 8,200,807; 8,200,849; 8,201,140; 8,204,732; 8,209,663; 8,214,783; 8,219,378; 8,220,006; 8,225,275; 8,225,276; 8,225,318; 8,230,395; 8,230,515; 8,234,098; 8,234,105; 8,234,625; 8,234,630; 8,234,647; 8,260,597; 8,260,598; 8,260,601; 8,261,233; 8,265,916; 8,271,936; 8,280,712; 8,280,832; 8,286,129; 8,301,423; 8,314,813; 8,316,359; 8,336,025; 8,346,526; 8,347,245; 8,352,505; 8,359,304; 8,364,456; 8,365,088; 8,365,139; 8,365,141; 8,370,156; 8,380,467; 8,386,222; 8,387,000; 8,387,005; 8,392,151; 8,402,317; 8,402,411; 8,402,449; 8,418,097; 8,418,158; 8,423,326; 8,423,345; 8,436,726; 8,438,002; 8,448,130; 8,453,110; 8,457,945; 8,458,655; 8,464,188; 8,464,204; 8,467,888; 8,478,577; 8,489,382; 8,504,336; 8,504,983; 8,514,247; 8,515,723; 8,516,384; 8,519,979; 8,522,196; 8,522,215; 8,525,813; 8,527,941; 8,532,966; 8,533,642; 8,543,337; 8,543,611; 8,543,976; 8,554,486; 8,560,290; 8,560,958; 8,566,804; 8,577,651; 8,577,654; 8,577,928; 8,584,088; 8,589,870; 8,594,217; 8,595,439; 8,600,954; 8,601,457; 8,606,375; 8,612,490; 8,612,505; 8,615,385; 8,615,715; 8,620,628; 8,620,629; 8,627,272; 8,627,276; 8,627,278; 8,630,827; 8,631,013; 8,635,055; 8,656,352; 8,661,344; 8,666,709; 8,667,407; 8,667,462; 8,667,463; 8,667,470; 8,671,110; 8,671,394; 8,674,983; 8,676,550; 8,676,551; 8,676,768; 8,682,453; 8,683,426; 8,689,194; 8,689,236; 8,694,301; 8,694,947; 8,695,000; 8,700,366; 8,700,368; 8,700,374; 8,700,378; 8,701,081; 8,706,964; 8,707,190; 8,712,753; 8,713,528; 8,719,716; 8,719,766; 8,719,949; 8,726,232; 8,726,233; 8,732,359; 8,732,685; 8,738,784; 8,739,129; 8,745,026; 8,745,537; 8,745,557; 8,745,624; 8,756,044; 8,756,046; 8,756,562; 8,762,120; 8,762,311; 8,762,784; 8,762,974; 8,768,652; 8,768,658; 8,768,676; 8,775,147; 8,776,015; 8,782,618; 8,793,601; 8,793,602; 8,798,971; 8,805,651; 8,805,664; 8,806,429; 8,806,430; 8,812,269; 8,812,276; 8,812,283; 8,823,738; 8,826,255; 8,830,266; 8,832,646; 8,836,726; 8,839,187; 8,839,193; 8,843,906; 8,849,641; 8,855,971; 8,855,981; 8,855,983; 8,855,992; 8,856,726; 8,862,442; 8,862,446; 8,862,449; 8,863,069; 8,868,399; 8,869,102; 8,869,103; 8,881,097; 8,887,126; 8,903,688; 8,904,302; 8,904,367; 8,914,262; 8,918,509; 8,918,769; 8,924,193; 8,924,925; 8,930,909; 8,935,133; 8,935,137; 8,938,381; 8,949,532; 8,965,742; 8,972,931; 8,983,823; 8,984,494; 8,984,496; 8,990,057; 8,990,739; 8,990,783; 9,003,357; 9,015,684; 9,026,233; 9,032,380; 9,038,077; 9,043,748; 9,058,175; 9,063,741; 9,064,075; 9,075,510; 9,075,630; 9,092,162; 9,098,288; 9,098,291; 9,098,292; 9,098,661; 9,104,805; 9,110,570; 9,117,039; 9,128,783; 9,146,838; 9,158,291; 9,158,654; 9,158,664; 9,164,733; 9,183,360; 9,195,445; 9,201,897; 9,201,986; 9,207,912; 9,244,510; 9,244,886; 9,245,068; 9,256,405; 9,256,485; 9,262,060; 9,262,141; 9,268,537; 9,274,928; 9,280,146; 9,280,324; 9,280,354; 9,292,631; 9,298,862; 9,304,838; 9,304,840; 9,311,434; 9,311,436; 9,317,331; 9,317,408; 9,317,628; 9,317,629; 9,323,851; 9,329,840; 9,330,131; 9,335,979; 9,336,115; 9,348,798; 9,354,846; 9,378,562; 9,389,836; 9,395,889; 9,396,199; 9,411,559; 9,436,441; 9,436,442; 9,442,696; 9,442,701; 9,442,702; 9,449,128; 9,454,283; 9,454,627; 9,460,239; 9,471,641; 9,489,290; 9,507,572; 9,507,888; 9,513,880; 9,519,497; 9,529,697; 9,536,023; 9,542,164; 9,547,423; 9,547,481; 9,558,301; 9,558,305; 9,563,408; 9,565,067; 9,568,258; 9,569,179; 9,575,939; 9,582,398; 9,582,768; 9,582,933; 9,588,744; 9,594,608; 9,594,854; 9,600,241; 9,607,113; 9,612,806; 9,619,593; 9,632,759; 9,639,332; 9,658,835; 9,672,389; 9,697,304; 9,710,237; 9,740,529; 9,753,731; 9,774,699; 9,779,195; 9,817,931; 9,846,571; 9,864,588; 9,880,922; 9,934,004; 9,946,668; 9,952,837; 10,025,566; 10,055,203; 10,078,717; 10,078,738; 10,089,089; 10,095,487; 10,095,814; 10,114,917; 10,116,500; 10,140,099; 10,152,767; 10,157,045; 10,157,246; 10,168,990; 10,185,793; 10,216,501; 10,216,864; 10,235,140; 10,248,390; 10,261,760; 10,275,547; 10,318,653; 10,360,052; 10,360,310; 10,360,502; 10,365,897; 10,372,841; 10,387,584; 10,387,585; 10,394,533; 10,417,355; 10,430,532; 10,503,844; 10,521,197; 10,534,603; 10,545,731; 10,585,648; 10,585,997; 10,614,258; 10,635,844; 10,657,029; 10,657,208; 10,666,744; 10,684,936; 10,691,578; 10,705,800; 10,705,806; 10,719,645; 10,725,440; 10,740,113; 10,740,514; 10,755,001; 10,824,400; 10,831,456; 10,833,928; 10,853,532; 10,866,789; 10,877,152; 10,884,712; 10,915,302; 10,915,422; 10,922,208; 10,929,160; 10,936,769; 10,949,182; 10,969,933; 10,970,183; 11,023,360; 11,042,675; 11,048,487; 11,061,539
 
International Patents:
Canada 2,854,828; China ZL200580007811.3; China ZL201080035134.7; China ZL201180056419.3; China ZL201180056737.X; Finland 2789103; France 1618471; France 1706818; France 1763804; France 1817700; France 1849064; France 1899876; France 1934725; France 1938230; France 1963965; France 1966689; France 2062136; France 2062175; France 2102722; France 2438487; France 2510433; France 2622420; France 2622421; France 2718820; France 2718821; France 2776943; France 2788867; France 2789103; France 2815310; France 2883137; France 2915040; France 3005089; France 3005122; France 3301575; France 3403221; Germany 1618471; Germany 1706818; Germany 1763804; Germany 1817700; Germany 1849064; Germany 1899876; Germany 1934725; Germany 1938230; Germany 1963965; Germany 1966689; Germany 2062136; Germany 2062175; Germany 2102722; Germany 2438487; Germany 2510433; Germany 2622420; Germany 2622421; Germany 2718820; Germany 2718821; Germany 2776943; Germany 2788867; Germany 2789103; Germany 2791803; Germany 2815310; Germany 2883137; Germany 2915040; Germany 3005089; Germany 3005122; Germany 3301575; Germany 3403221; Germany 212016000110; Germany 212016000256; Hungary 1706818; Hungary 1899876; Hungary 1963965; Hungary 2915040; India 254632; Italy 1706818; Italy 3403221; Japan 4482563; Japan 4580926; Japan 4852430; Japan 4892354; Japan 4963232; Japan 5028268; Japan 5567682; Japan 5648049; Japan 6033891; Japan 6038959; Japan 6220882; Japan 6334606; Japan 6606220; Japan 6639555; Netherlands 2062136; Romania 2062136; Singapore 126195; Singapore 153099; South Africa 2016/03750; Spain 1706818; Sweden 1706818; Sweden 1934725; Sweden 1938230; Sweden 1963965; Sweden 2062136; Sweden 2718820; Sweden 2776943; Sweden 2788867; Sweden 3403221; Switzerland 1934725; United Kingdom 1618471; United Kingdom 1706818; United Kingdom 1763804; United Kingdom 1817700; United Kingdom 1849064; United Kingdom 1899876; United Kingdhom 1934725; United Kingdom 1938230; United Kingdom 1963965; United Kingdom 1966689; United Kingdom 2062136; United Kingdom 2062175; United Kingdom 2102722; United Kingdom 2438487; United Kingdom 2510433; United Kingdom 2622420; United Kingdom 2622421; United Kingdom 2718821; United Kingdom 2789103; United Kingdom 2815310; United Kingdom 2883137; United Kingdom 2915040; United Kingdom 3005089; United Kingdom 3005122; United Kingdom 3301575; United Kingdom 3403221
Other U.S. and international patents pending.